[app/ui]
version = 7.1.1
modtime = 1538549224.757689700

[app/launcher]
version = 7.1.1
modtime = 1538549224.771648100
